a = 148;
b = 96/2;
c = 275;
r = 366;
l = 800;

angles = [0 2*pi/3 -2*pi/3];